
*******************************************  Drifts coefficients *******************************************

SepalLengthCm = 0.14504378826629472
SepalWidthCm = 0.10598310470433248
PetalLengthCm = 0.04673331783306223
PetalWidthCm = 0.010908315895528098
