
*******************************************  Drifts coefficients *******************************************

SepalLengthCm = 0.22934588855304971
SepalWidthCm = 0.07405254591955357
PetalWidthCm = 0.04797333953344163
PetalLengthCm = 0.04043633263582125
